## ghost_vit V1

cfgs = [
    # k, t, c, SE, s 
    # stage1
    [[3,  16,  16, 0, 1]],
    # stage2
    [[3,  48,  24, 0, 2]],
    [[3,  72,  24, 0, 1]],
    # stage3
    [[5,  72,  40, 0.25, 2]],
    [[5, 120,  40, 0.25, 1]],
    # stage4
    [[3, 240,  80, 0, 2]],
    [[3, 200,  80, 0, 1],
        [3, 184,  80, 0, 1],
        [3, 184,  80, 0, 1],
        [3, 480, 112, 0.25, 1],
        [3, 672, 112, 0.25, 1]
    ],
    # stage5
    [[5, 672, 160, 0.25, 2]],
    [[5, 960, 160, 0, 1],
        [5, 960, 160, 0.25, 1],
        [5, 960, 160, 0, 1],
        [5, 960, 160, 0.25, 1]
    ]
]

model_ghost_git.layer_1 = nn.Sequential(
        *list(model_ghost.blocks.children())[:-5],
    )
model_ghost_git.layer_2 = nn.Conv2d(40, 48, 1)
model_ghost_git.layer_3[0] = Identity()

## ghost_vit 2

cfgs = [
        # k, t, c, SE, s 
        # stage1
        [[3,  16,  16, 0, 1]],
        # stage2
        [[3,  48,  24, 0, 2]],
        [[3,  72,  24, 0, 1]],
        # stage3
        [[3,  72,  40, 0.25, 2]],
        [[3, 120,  40, 0.25, 1]],
        # stage4
        [[3, 240,  80, 0, 2]],
        [[3, 200,  80, 0, 1],
         [3, 184,  80, 0, 1],
         [3, 184,  80, 0, 1],
         [3, 480, 112, 0.25, 1],
         [3, 672, 112, 0.25, 1]
        ],
        # stage5
        [[5, 672, 160, 0.25, 2]],
        [[5, 960, 160, 0, 1],
         [5, 960, 160, 0.25, 1],
         [5, 960, 160, 0, 1],
         [5, 960, 160, 0.25, 1]
        ]
    ]

## ghost_vit_3

cfgs = [
        # k, t, c, SE, s 
        # stage1
        [[3,  16,  16, 0, 1]],
        # stage2
        [[3,  48,  24, 0, 2]],
        [[3,  72,  24, 0, 1]],
        [[3,  72,  24, 0, 1]],
        # stage3
        [[3,  72,  40, 0.25, 2]],
        [[3, 120,  40, 0.25, 1]],
        # stage4
        [[3, 240,  80, 0, 2]],
        [[3, 200,  80, 0, 1],
         [3, 184,  80, 0, 1],
         [3, 184,  80, 0, 1],
         [3, 480, 112, 0.25, 1],
         [3, 672, 112, 0.25, 1]
        ],
        # stage5
        [[5, 672, 160, 0.25, 2]],
        [[5, 960, 160, 0, 1],
         [5, 960, 160, 0.25, 1],
         [5, 960, 160, 0, 1],
         [5, 960, 160, 0.25, 1]
        ]
    ]

## ghost_vit_4

cfgs = [
    # k, t, c, SE, s 
    # stage1
    [[3,  16,  16, 0, 1]],
    # stage2
    [[3,  48,  24, 0, 2]],
    [[3,  72,  24, 0, 1], [3,  72,  24, 0, 1]],
    # stage3
    [[3,  72,  40, 0.25, 2]],
    [[3, 120,  40, 0.25, 1]],
    # stage4
    [[3, 240,  80, 0, 2]],
    [[3, 200,  80, 0, 1],
        [3, 184,  80, 0, 1],
        [3, 184,  80, 0, 1],
        [3, 480, 112, 0.25, 1],
        [3, 672, 112, 0.25, 1]
    ],
    # stage5
    [[5, 672, 160, 0.25, 2]],
    [[5, 960, 160, 0, 1],
        [5, 960, 160, 0.25, 1],
        [5, 960, 160, 0, 1],
        [5, 960, 160, 0.25, 1]
    ]
]

## ghost_vit_5

cfgs = [
        # k, t, c, SE, s 
        # stage1
        [[3,  16,  16, 0, 1]],
        # stage2
        [[3,  48,  24, 0, 2]],
        [[3,  72,  24, 0, 1], [3,  72,  24, 0, 1]],
        # stage3
        [[3,  72,  40, 0.25, 2]],
        [[3, 120,  40, 0.25, 1], [3, 120,  40, 0.25, 1]],
        # stage4
        [[3, 240,  80, 0, 2]],
        [[3, 200,  80, 0, 1],
         [3, 184,  80, 0, 1],
         [3, 184,  80, 0, 1],
         [3, 480, 112, 0.25, 1],
         [3, 672, 112, 0.25, 1]
        ],
        # stage5
        [[5, 672, 160, 0.25, 2]],
        [[5, 960, 160, 0, 1],
         [5, 960, 160, 0.25, 1],
         [5, 960, 160, 0, 1],
         [5, 960, 160, 0.25, 1]
        ]
    ]

